
4514719,0.004,0.003,-1.006,0.038,0.069,0.023
4534848,0.007,0.004,-1.005,-0.015,0.099,0.031
4554981,0.007,0.003,-1.007,0.023,0.114,0.038
4575114,0.004,0.003,-1.006,-0.061,-0.023,-0.092
4595247,0.005,0.004,-1.001,-0.023,0.038,-0.038
4615379,0.008,0.004,-1.005,0.023,0.107,-0.008
4635509,0.006,0.004,-1.004,-0.015,0.076,-0.084
4655642,0.004,0.002,-1.003,0.000,0.137,0.008
4675772,0.006,0.006,-1.001,0.046,-0.015,0.015
4695901,0.007,0.006,-1.002,0.023,0.153,0.023
4716034,0.009,0.002,-1.004,-0.015,0.061,0.000


4736164,0.007,0.003,-1.005,-0.046,0.092,-0.015
4756297,0.005,0.005,-1.002,0.015,0.114,0.015
4776429,0.006,0.005,-1.004,0.053,0.130,0.008
4796559,0.008,0.003,-1.004,-0.008,0.069,-0.023
4816692,0.009,0.000,-0.998,0.099,0.076,-0.076
4836822,0.007,0.005,-1.003,-0.008,0.031,-0.031
4856954,0.006,0.006,-1.006,0.122,0.488,1.091



27508197,0.003,0.002,-1.001,-0.023,0.069,0.008
27528327,0.125,-0.045,-0.815,19.073,-0.343,5.257
JUMP
27550984,0.006,0.001,-1.008,0.023,0.092,0.031
27571116,0.003,0.002,-1.000,0.046,0.038,-0.053
27591249,0.001,0.003,-1.002,0.015,-0.008,0.008
27611379,0.002,0.005,-1.008,0.000,0.000,0.061
27631505,-0.005,-0.067,-1.002,-0.168,0.107,21.492
27651644,0.121,0.150,-1.338,-157.082,-38.422,-21.164
JUMP
27674304,-0.002,0.000,-1.000,-0.076,0.122,-0.008
27694440,-0.001,0.019,-0.998,0.137,0.214,3.525


36589303,0.015,0.006,-1.002,0.046,0.000,-0.069
36609432,0.012,0.001,-1.004,-0.053,0.092,-0.069
36629565,0.272,0.011,-0.989,-0.847,-45.372,16.785
SLIDE
36672229,0.012,0.003,-1.003,0.053,0.168,-0.076
36692362,0.015,0.004,-1.005,0.046,0.053,-0.107
36712495,-0.119,0.038,-1.011,-0.122,-4.021,24.605
SLIDE
36755159,-0.001,0.001,-1.003,-0.008,0.023,0.046
36775289,0.006,0.001,-1.003,-0.114,0.473,-0.443
36795422,-0.006,-0.015,-1.006,-0.053,0.153,-1.175

